-20120902142457
-20120902142459
-20120902142502
-20120902142504
-20120902142509
-20120902143216
-20120902143220
-20120902143228
-20120902143236
-20120905162517
-20120905162526
-20120905162604
-20120905162618
-20120910153533
-20120910153553
-20120910153618
-20120910153639
-20120910153653
-20120910153709
-20120910153759
-20120910153826
-20120910153836
-20120910153906
-20120910153928
-20120910153946
-20120910153955
-20120910153957
-20120910154008
-20120910154022
-20120910154030
-20120910154037
-20120910154041
-20120910154045
-20120910154050
-20120910154115
-20120910154127
-20120910154148
-20120910154202
-20120910154212
-20120910154226
-20120910154239
-20120910154250
-20120910154257
-20120910230739
-20120910230752
-20120910230947
-20120911112651
-20120911112654
-20120911112658
-20120911112711
-20120911112719
-20120911112730
-20120911112731
-20120911112736
-20120911112741
-20120911112747
-20120911112754
-20120911113333
-20120911113338
-20120911113344
-20120911113345
-20120911113347
-20120911113351
